-4.433333333333333570e-01 8.460000000000009734e-01 -2.058666666666667311e+00 -7.986666666666669689e-01
5.566666666666666430e-01 4.600000000000115108e-02 1.741333333333332956e+00 6.013333333333330533e-01
-1.243333333333334068e+00 5.460000000000011511e-01 -2.758666666666667044e+00 -9.986666666666670356e-01
-3.433333333333337123e-01 1.146000000000001240e+00 -2.358666666666667133e+00 -9.986666666666670356e-01
-7.433333333333340676e-01 4.460000000000010623e-01 -2.358666666666667133e+00 -9.986666666666670356e-01
-1.543333333333333890e+00 -5.399999999999893774e-02 -2.658666666666666956e+00 -1.098666666666666902e+00
1.856666666666666465e+00 -4.539999999999988489e-01 3.141333333333333311e+00 1.101333333333332831e+00
5.566666666666666430e-01 -3.539999999999987601e-01 1.541333333333332778e+00 7.013333333333329200e-01
1.566666666666662877e-01 -1.539999999999990266e-01 7.413333333333329556e-01 3.013333333333330089e-01
8.566666666666664653e-01 4.600000000000115108e-02 6.413333333333333108e-01 2.013333333333329200e-01
1.056666666666666643e+00 4.600000000000115108e-02 1.341333333333332600e+00 1.101333333333332831e+00
-9.433333333333333570e-01 4.600000000000115108e-02 -2.258666666666667044e+00 -1.098666666666666902e+00
-4.333333333333388993e-02 -2.539999999999991154e-01 1.341333333333332600e+00 1.201333333333332920e+00
-3.433333333333337123e-01 4.460000000000010623e-01 -2.458666666666666778e+00 -9.986666666666670356e-01
-1.043333333333333890e+00 -5.399999999999893774e-02 -2.358666666666667133e+00 -1.098666666666666902e+00
-7.433333333333340676e-01 7.460000000000008846e-01 -2.258666666666667044e+00 -8.986666666666669467e-01
8.566666666666664653e-01 2.460000000000008846e-01 1.941333333333333133e+00 9.013333333333330977e-01
5.566666666666666430e-01 1.460000000000012399e-01 7.413333333333329556e-01 3.013333333333330089e-01
-1.433333333333335347e-01 1.346000000000001418e+00 -2.258666666666667044e+00 -7.986666666666669689e-01
9.566666666666661101e-01 -5.399999999999893774e-02 1.741333333333332956e+00 9.013333333333330977e-01
-1.243333333333334068e+00 3.460000000000009734e-01 -2.358666666666667133e+00 -8.986666666666669467e-01
9.566666666666661101e-01 -2.539999999999991154e-01 1.041333333333332778e+00 2.013333333333329200e-01
4.566666666666661101e-01 2.460000000000008846e-01 2.241333333333332956e+00 1.301333333333333009e+00
-2.433333333333340676e-01 -1.539999999999990266e-01 -1.586666666666669556e-01 1.013333333333330533e-01
-1.433333333333335347e-01 -5.539999999999989377e-01 1.241333333333332956e+00 8.013333333333330089e-01
-7.433333333333340676e-01 6.460000000000012399e-01 -2.258666666666667044e+00 -7.986666666666669689e-01
-7.433333333333340676e-01 4.460000000000010623e-01 -2.358666666666667133e+00 -8.986666666666669467e-01
4.566666666666661101e-01 -5.539999999999989377e-01 1.241333333333332956e+00 7.013333333333329200e-01
-4.433333333333333570e-01 3.460000000000009734e-01 -2.258666666666667044e+00 -7.986666666666669689e-01
-4.333333333333388993e-02 -3.539999999999987601e-01 1.413333333333328667e-01 1.333333333332964443e-03
1.566666666666662877e-01 -5.399999999999893774e-02 1.041333333333332778e+00 6.013333333333330533e-01
-3.433333333333337123e-01 -4.539999999999988489e-01 6.413333333333333108e-01 1.333333333332964443e-03
1.356666666666666465e+00 1.460000000000012399e-01 2.241333333333332956e+00 6.013333333333330533e-01
-6.433333333333335347e-01 -3.539999999999987601e-01 1.413333333333328667e-01 2.013333333333329200e-01
1.556666666666666643e+00 -2.539999999999991154e-01 2.341333333333332600e+00 7.013333333333329200e-01
-3.433333333333337123e-01 -6.539999999999990266e-01 4.133333333333277793e-02 -9.866666666666690233e-02
-9.433333333333333570e-01 -6.539999999999990266e-01 -4.586666666666672221e-01 -1.986666666666669911e-01
-2.433333333333340676e-01 -5.399999999999893774e-02 7.413333333333329556e-01 3.013333333333330089e-01
1.056666666666666643e+00 1.460000000000012399e-01 1.941333333333333133e+00 1.101333333333332831e+00
-1.443333333333333357e+00 -5.399999999999893774e-02 -2.458666666666666778e+00 -9.986666666666670356e-01
5.666666666666664298e-02 -5.399999999999893774e-02 1.341333333333332600e+00 6.013333333333330533e-01
-1.433333333333335347e-01 -5.399999999999893774e-02 4.413333333333331332e-01 1.333333333332964443e-03
-1.443333333333333357e+00 1.460000000000012399e-01 -2.458666666666666778e+00 -9.986666666666670356e-01
-5.433333333333338899e-01 6.460000000000012399e-01 -2.258666666666667044e+00 -9.986666666666670356e-01
-8.433333333333337123e-01 -7.539999999999991154e-01 -4.586666666666672221e-01 -1.986666666666669911e-01
-1.243333333333334068e+00 4.600000000000115108e-02 -2.258666666666667044e+00 -9.986666666666670356e-01
-4.433333333333333570e-01 -5.399999999999893774e-02 7.413333333333329556e-01 3.013333333333330089e-01
-8.433333333333337123e-01 -5.399999999999893774e-02 -2.158666666666666956e+00 -9.986666666666670356e-01
1.856666666666666465e+00 -2.539999999999991154e-01 2.941333333333333133e+00 8.013333333333330089e-01
-4.433333333333333570e-01 6.460000000000012399e-01 -2.258666666666667044e+00 -9.986666666666670356e-01
-9.433333333333333570e-01 -5.539999999999989377e-01 7.413333333333329556e-01 5.013333333333329644e-01
-9.433333333333333570e-01 4.600000000000115108e-02 -2.258666666666667044e+00 -1.098666666666666902e+00
-3.433333333333337123e-01 -5.539999999999989377e-01 2.413333333333329556e-01 1.013333333333330533e-01
2.566666666666659324e-01 -2.539999999999991154e-01 2.413333333333329556e-01 1.013333333333330533e-01
6.566666666666662877e-01 -2.539999999999991154e-01 8.413333333333326003e-01 3.013333333333330089e-01
-1.433333333333335347e-01 -2.539999999999991154e-01 3.413333333333326003e-01 1.013333333333330533e-01
-6.433333333333335347e-01 3.460000000000009734e-01 -2.358666666666667133e+00 -9.986666666666670356e-01
8.566666666666664653e-01 2.460000000000008846e-01 1.941333333333333133e+00 1.301333333333333009e+00
2.056666666666666643e+00 7.460000000000008846e-01 2.641333333333333311e+00 8.013333333333330089e-01
6.566666666666662877e-01 -5.399999999999893774e-02 1.441333333333333133e+00 8.013333333333330089e-01
-8.433333333333337123e-01 4.460000000000010623e-01 -2.458666666666666778e+00 -8.986666666666669467e-01
1.356666666666666465e+00 -5.399999999999893774e-02 2.041333333333332778e+00 4.013333333333330977e-01
-8.433333333333337123e-01 4.460000000000010623e-01 -2.158666666666666956e+00 -5.986666666666670134e-01
3.566666666666664653e-01 3.460000000000009734e-01 1.641333333333333311e+00 1.101333333333332831e+00
-9.433333333333333570e-01 -5.399999999999893774e-02 -2.358666666666667133e+00 -9.986666666666670356e-01
4.566666666666661101e-01 2.460000000000008846e-01 9.413333333333331332e-01 4.013333333333330977e-01
8.566666666666664653e-01 4.600000000000115108e-02 1.841333333333332600e+00 1.201333333333332920e+00
2.566666666666659324e-01 -5.399999999999893774e-02 8.413333333333326003e-01 2.013333333333329200e-01
1.056666666666666643e+00 4.600000000000115108e-02 1.641333333333333311e+00 9.013333333333330977e-01
-4.333333333333388993e-02 -3.539999999999987601e-01 1.341333333333332600e+00 7.013333333333329200e-01
-1.343333333333333712e+00 -7.539999999999991154e-01 -2.458666666666666778e+00 -8.986666666666669467e-01
2.566666666666659324e-01 -1.539999999999990266e-01 9.413333333333331332e-01 2.013333333333329200e-01
4.566666666666661101e-01 -5.539999999999989377e-01 1.141333333333333311e+00 3.013333333333330089e-01
4.566666666666661101e-01 -2.539999999999991154e-01 1.341333333333332600e+00 3.013333333333330089e-01
-8.433333333333337123e-01 -1.053999999999998938e+00 -2.586666666666670444e-01 -1.986666666666669911e-01
-4.333333333333388993e-02 -3.539999999999987601e-01 1.341333333333332600e+00 7.013333333333329200e-01
2.566666666666659324e-01 -2.539999999999991154e-01 9.413333333333331332e-01 1.333333333332964443e-03
-1.433333333333335347e-01 -2.539999999999991154e-01 7.413333333333329556e-01 1.013333333333330533e-01
-8.433333333333337123e-01 5.460000000000011511e-01 -2.358666666666667133e+00 -9.986666666666670356e-01
6.566666666666662877e-01 -5.399999999999893774e-02 2.041333333333332778e+00 1.001333333333333186e+00
-1.433333333333335347e-01 -4.539999999999988489e-01 -2.586666666666670444e-01 -1.986666666666669911e-01
1.566666666666662877e-01 -8.539999999999987601e-01 2.413333333333329556e-01 -1.986666666666669911e-01
-7.433333333333340676e-01 2.460000000000008846e-01 -2.058666666666667311e+00 -6.986666666666669911e-01
-1.043333333333333890e+00 3.460000000000009734e-01 -2.158666666666666956e+00 -9.986666666666670356e-01
5.566666666666666430e-01 -2.539999999999991154e-01 1.841333333333332600e+00 1.001333333333333186e+00
-4.433333333333333570e-01 8.460000000000009734e-01 -2.458666666666666778e+00 -7.986666666666669689e-01
1.566666666666662877e-01 3.460000000000009734e-01 7.413333333333329556e-01 4.013333333333330977e-01
8.566666666666664653e-01 -5.399999999999893774e-02 1.241333333333332956e+00 5.013333333333329644e-01
3.566666666666664653e-01 -1.539999999999990266e-01 5.413333333333327779e-01 1.013333333333330533e-01
-6.433333333333335347e-01 4.460000000000010623e-01 -2.258666666666667044e+00 -9.986666666666670356e-01
5.666666666666664298e-02 1.460000000000012399e-01 1.041333333333332778e+00 6.013333333333330533e-01
-4.433333333333333570e-01 3.460000000000009734e-01 -2.058666666666667311e+00 -9.986666666666670356e-01
1.856666666666666465e+00 7.460000000000008846e-01 2.941333333333333133e+00 1.001333333333333186e+00
4.566666666666661101e-01 -7.539999999999991154e-01 6.413333333333333108e-01 1.013333333333330533e-01
-7.433333333333340676e-01 3.460000000000009734e-01 -2.258666666666667044e+00 -9.986666666666670356e-01
5.666666666666664298e-02 -5.399999999999893774e-02 4.413333333333331332e-01 3.013333333333330089e-01
8.566666666666664653e-01 -5.539999999999989377e-01 2.041333333333332778e+00 6.013333333333330533e-01
4.566666666666661101e-01 -1.539999999999990266e-01 1.841333333333332600e+00 6.013333333333330533e-01
6.566666666666662877e-01 1.460000000000012399e-01 1.341333333333332600e+00 8.013333333333330089e-01
5.566666666666666430e-01 -1.539999999999990266e-01 5.413333333333327779e-01 1.013333333333330533e-01
-7.433333333333340676e-01 7.460000000000008846e-01 -1.858666666666667133e+00 -7.986666666666669689e-01
-2.433333333333340676e-01 -5.539999999999989377e-01 1.413333333333328667e-01 -9.866666666666690233e-02
1.156666666666666288e+00 1.460000000000012399e-01 9.413333333333331332e-01 2.013333333333329200e-01
8.566666666666664653e-01 -5.399999999999893774e-02 1.441333333333333133e+00 1.101333333333332831e+00
-1.043333333333333890e+00 4.600000000000115108e-02 -2.158666666666666956e+00 -9.986666666666670356e-01
-3.433333333333337123e-01 -7.539999999999991154e-01 2.413333333333329556e-01 1.013333333333330533e-01
1.856666666666666465e+00 -5.399999999999893774e-02 2.341333333333332600e+00 1.101333333333332831e+00
-1.043333333333333890e+00 -5.399999999999893774e-02 -2.358666666666667133e+00 -8.986666666666669467e-01
-4.333333333333388993e-02 -3.539999999999987601e-01 3.413333333333326003e-01 -1.986666666666669911e-01
-2.433333333333340676e-01 -2.539999999999991154e-01 1.141333333333333311e+00 8.013333333333330089e-01
2.566666666666659324e-01 -5.399999999999893774e-02 1.141333333333333311e+00 6.013333333333330533e-01
-1.443333333333333357e+00 -1.539999999999990266e-01 -2.358666666666667133e+00 -9.986666666666670356e-01
-9.433333333333333570e-01 4.600000000000115108e-02 -2.258666666666667044e+00 -1.098666666666666902e+00
3.566666666666664653e-01 -8.539999999999987601e-01 7.413333333333329556e-01 3.013333333333330089e-01
4.566666666666661101e-01 3.460000000000009734e-01 1.841333333333332600e+00 1.201333333333332920e+00
-7.433333333333340676e-01 7.460000000000008846e-01 -2.158666666666666956e+00 -9.986666666666670356e-01
1.566666666666662877e-01 -3.539999999999987601e-01 1.341333333333332600e+00 4.013333333333330977e-01
-1.433333333333335347e-01 7.460000000000008846e-01 -2.058666666666667311e+00 -8.986666666666669467e-01
-1.243333333333334068e+00 1.460000000000012399e-01 -2.358666666666667133e+00 -9.986666666666670356e-01
1.356666666666666465e+00 5.460000000000011511e-01 2.341333333333332600e+00 1.301333333333333009e+00
-2.433333333333340676e-01 -3.539999999999987601e-01 4.413333333333331332e-01 1.013333333333330533e-01
-1.143333333333333535e+00 1.460000000000012399e-01 -2.458666666666666778e+00 -9.986666666666670356e-01
1.566666666666662877e-01 -8.539999999999987601e-01 1.241333333333332956e+00 3.013333333333330089e-01
6.566666666666662877e-01 -5.399999999999893774e-02 1.741333333333332956e+00 6.013333333333330533e-01
9.566666666666661101e-01 1.460000000000012399e-01 2.141333333333333311e+00 1.101333333333332831e+00
1.056666666666666643e+00 4.600000000000115108e-02 1.141333333333333311e+00 3.013333333333330089e-01
-8.433333333333337123e-01 1.460000000000012399e-01 -2.558666666666667311e+00 -9.986666666666670356e-01
5.566666666666666430e-01 -2.539999999999991154e-01 1.841333333333332600e+00 9.013333333333330977e-01
-8.433333333333337123e-01 3.460000000000009734e-01 -2.158666666666666956e+00 -7.986666666666669689e-01
-1.143333333333333535e+00 1.460000000000012399e-01 -2.158666666666666956e+00 -9.986666666666670356e-01
-2.433333333333340676e-01 -5.399999999999893774e-02 3.413333333333326003e-01 1.013333333333330533e-01
3.566666666666664653e-01 -2.539999999999991154e-01 1.041333333333332778e+00 6.013333333333330533e-01
-4.333333333333388993e-02 -4.539999999999988489e-01 2.413333333333329556e-01 1.333333333332964443e-03
-1.043333333333333890e+00 3.460000000000009734e-01 -1.858666666666667133e+00 -9.986666666666670356e-01
-1.433333333333335347e-01 -1.539999999999990266e-01 4.413333333333331332e-01 1.013333333333330533e-01
7.566666666666659324e-01 -5.399999999999893774e-02 6.413333333333333108e-01 2.013333333333329200e-01
7.566666666666659324e-01 -1.539999999999990266e-01 8.413333333333326003e-01 1.013333333333330533e-01
8.566666666666664653e-01 4.600000000000115108e-02 9.413333333333331332e-01 3.013333333333330089e-01
-4.333333333333388993e-02 9.460000000000010623e-01 -2.558666666666667311e+00 -9.986666666666670356e-01
-3.433333333333337123e-01 -6.539999999999990266e-01 -5.866666666666686680e-02 -1.986666666666669911e-01
1.256666666666665932e+00 -5.399999999999893774e-02 2.141333333333333311e+00 9.013333333333330977e-01
-6.433333333333335347e-01 1.046000000000000707e+00 -2.258666666666667044e+00 -1.098666666666666902e+00
1.756666666666665932e+00 -5.399999999999893774e-02 2.841333333333332600e+00 9.013333333333330977e-01
2.566666666666659324e-01 -4.539999999999988489e-01 1.841333333333332600e+00 2.013333333333329200e-01
-8.433333333333337123e-01 2.460000000000008846e-01 -2.358666666666667133e+00 -9.986666666666670356e-01
-7.433333333333340676e-01 -5.539999999999989377e-01 -7.586666666666670444e-01 -9.866666666666690233e-02
-8.433333333333337123e-01 3.460000000000009734e-01 -2.258666666666667044e+00 -9.986666666666670356e-01
4.566666666666661101e-01 -3.539999999999987601e-01 1.141333333333333311e+00 6.013333333333330533e-01
1.456666666666666110e+00 -1.539999999999990266e-01 2.541333333333332778e+00 6.013333333333330533e-01
5.566666666666666430e-01 1.460000000000012399e-01 1.541333333333332778e+00 1.101333333333332831e+00
